-189.180063	46	37	第1次独立实验的1次
-189.180063	96	66	第1次独立实验的2次
-189.180063	143	94	第1次独立实验的3次
-189.180063	192	111	第1次独立实验的4次
-189.180063	240	125	第1次独立实验的5次
-189.180063	287	141	第1次独立实验的6次
-189.180063	337	147	第1次独立实验的7次
-189.180063	386	160	第1次独立实验的8次
-189.180063	436	169	第1次独立实验的9次
-189.180063	485	179	第1次独立实验的10次
-189.209769	535	199	第1次独立实验的11次
-189.209769	585	211	第1次独立实验的12次
-189.209769	634	219	第1次独立实验的13次
-189.209769	684	227	第1次独立实验的14次
-189.209769	733	231	第1次独立实验的15次
-189.209769	783	240	第1次独立实验的16次
-189.209769	833	246	第1次独立实验的17次
-189.209769	882	249	第1次独立实验的18次
-189.209769	932	256	第1次独立实验的19次
-189.209769	982	260	第1次独立实验的20次
-189.210585	1032	273	第1次独立实验的21次
-189.210585	1081	282	第1次独立实验的22次
-189.210585	1131	289	第1次独立实验的23次
-189.210585	1181	296	第1次独立实验的24次
-189.210585	1229	301	第1次独立实验的25次
-189.210585	1279	305	第1次独立实验的26次
-189.210585	1329	311	第1次独立实验的27次
-189.210585	1378	316	第1次独立实验的28次
-189.210585	1427	321	第1次独立实验的29次
-189.210585	1477	325	第1次独立实验的30次
-189.215382	1525	330	第1次独立实验的31次
-189.215382	1575	334	第1次独立实验的32次
-189.215382	1625	336	第1次独立实验的33次
-189.215382	1675	341	第1次独立实验的34次
-189.215382	1725	343	第1次独立实验的35次
-189.215382	1774	345	第1次独立实验的36次
-189.215382	1823	347	第1次独立实验的37次
-189.215382	1872	348	第1次独立实验的38次
-189.215382	1922	350	第1次独立实验的39次
-189.215382	1971	353	第1次独立实验的40次
-189.226746	2021	355	第1次独立实验的41次
-189.226746	2070	358	第1次独立实验的42次
-189.226746	2118	359	第1次独立实验的43次
-189.226746	2168	360	第1次独立实验的44次
-189.226746	2216	364	第1次独立实验的45次
-189.226746	2264	365	第1次独立实验的46次
-189.226746	2314	366	第1次独立实验的47次
-189.226746	2364	369	第1次独立实验的48次
-189.226746	2413	370	第1次独立实验的49次
-189.226746	2463	376	第1次独立实验的50次
-189.228437	2512	380	第1次独立实验的51次
-189.228437	2561	387	第1次独立实验的52次
-189.228437	2611	392	第1次独立实验的53次
-189.228437	2659	397	第1次独立实验的54次
-189.228437	2709	402	第1次独立实验的55次
-189.228437	2759	405	第1次独立实验的56次
-189.228437	2808	409	第1次独立实验的57次
-189.228437	2858	411	第1次独立实验的58次
-189.228437	2908	415	第1次独立实验的59次
-189.228437	2958	419	第1次独立实验的60次
-189.228437	3008	424	第1次独立实验的61次
-189.228437	3057	427	第1次独立实验的62次
-189.228437	3107	431	第1次独立实验的63次
-189.228437	3156	432	第1次独立实验的64次
-189.228437	3206	433	第1次独立实验的65次
-189.228437	3255	437	第1次独立实验的66次
-189.228437	3303	439	第1次独立实验的67次
-189.228437	3352	441	第1次独立实验的68次
-189.228437	3402	442	第1次独立实验的69次
-189.228437	3450	444	第1次独立实验的70次
-189.234795	3499	446	第1次独立实验的71次
-189.234795	3547	450	第1次独立实验的72次
-189.234795	3597	456	第1次独立实验的73次
-189.234795	3647	459	第1次独立实验的74次
-189.234795	3697	462	第1次独立实验的75次
-189.234795	3747	464	第1次独立实验的76次
-189.234795	3797	466	第1次独立实验的77次
-189.234795	3847	470	第1次独立实验的78次
-189.234795	3896	472	第1次独立实验的79次
-189.234795	3945	474	第1次独立实验的80次
-189.234795	3995	475	第1次独立实验的81次
-189.234795	4044	476	第1次独立实验的82次
-189.234795	4094	479	第1次独立实验的83次
-189.234795	4143	479	第1次独立实验的84次
-189.234795	4192	479	第1次独立实验的85次
-189.234795	4242	480	第1次独立实验的86次
-189.234795	4292	481	第1次独立实验的87次
-189.234795	4342	482	第1次独立实验的88次
-189.234795	4392	483	第1次独立实验的89次
-189.234795	4441	484	第1次独立实验的90次
-189.234795	4490	486	第1次独立实验的91次
-189.234795	4540	486	第1次独立实验的92次
-189.234795	4590	488	第1次独立实验的93次
-189.234795	4639	493	第1次独立实验的94次
-189.234795	4687	494	第1次独立实验的95次
-189.234795	4735	494	第1次独立实验的96次
-189.234795	4784	495	第1次独立实验的97次
-189.234795	4834	497	第1次独立实验的98次
-189.234795	4882	497	第1次独立实验的99次
-189.234795	4932	498	第1次独立实验的100次
-189.242379	4980	502	第1次独立实验的101次
-189.242379	5028	503	第1次独立实验的102次
-189.242379	5077	504	第1次独立实验的103次
-189.242379	5125	508	第1次独立实验的104次
-189.242379	5175	510	第1次独立实验的105次
-189.242379	5225	511	第1次独立实验的106次
-189.242379	5275	513	第1次独立实验的107次
-189.242379	5321	517	第1次独立实验的108次
-189.242379	5369	519	第1次独立实验的109次
-189.242379	5419	521	第1次独立实验的110次
-189.242379	5466	525	第1次独立实验的111次
-189.242379	5515	528	第1次独立实验的112次
-189.242379	5564	528	第1次独立实验的113次
-189.242379	5612	529	第1次独立实验的114次
-189.242379	5661	532	第1次独立实验的115次
-189.242379	5711	533	第1次独立实验的116次
-189.242379	5761	534	第1次独立实验的117次
-189.242379	5810	534	第1次独立实验的118次
-189.242379	5860	534	第1次独立实验的119次
-189.242379	5908	536	第1次独立实验的120次
-189.242379	5957	538	第1次独立实验的121次
-189.242379	6005	541	第1次独立实验的122次
-189.242379	6053	545	第1次独立实验的123次
-189.242379	6100	545	第1次独立实验的124次
-189.242379	6150	547	第1次独立实验的125次
-189.242379	6200	548	第1次独立实验的126次
-189.242379	6249	549	第1次独立实验的127次
-189.242379	6298	550	第1次独立实验的128次
-189.242379	6348	551	第1次独立实验的129次
-189.242379	6396	554	第1次独立实验的130次
-189.242379	6444	556	第1次独立实验的131次
-189.242379	6493	558	第1次独立实验的132次
-189.242379	6543	559	第1次独立实验的133次
-189.242379	6592	562	第1次独立实验的134次
-189.242379	6640	562	第1次独立实验的135次
-189.242379	6690	562	第1次独立实验的136次
-189.242379	6740	563	第1次独立实验的137次
-189.242379	6789	565	第1次独立实验的138次
-189.242379	6834	567	第1次独立实验的139次
-189.242379	6884	570	第1次独立实验的140次
-189.242379	6932	571	第1次独立实验的141次
-189.242379	6982	571	第1次独立实验的142次
-189.242379	7032	572	第1次独立实验的143次
-189.242379	7079	572	第1次独立实验的144次
-189.242379	7127	573	第1次独立实验的145次
-189.242379	7177	573	第1次独立实验的146次
-189.242379	7226	576	第1次独立实验的147次
-189.242379	7275	577	第1次独立实验的148次
-189.242379	7323	579	第1次独立实验的149次
-189.242379	7372	579	第1次独立实验的150次
-189.242379	7422	582	第1次独立实验的151次
-189.242379	7472	583	第1次独立实验的152次
-189.242379	7521	583	第1次独立实验的153次
-189.242379	7570	583	第1次独立实验的154次
-189.242379	7619	585	第1次独立实验的155次
-189.242379	7668	586	第1次独立实验的156次
-189.242379	7717	586	第1次独立实验的157次
-189.242379	7766	588	第1次独立实验的158次
-189.242379	7816	589	第1次独立实验的159次
-189.242379	7863	589	第1次独立实验的160次
-189.242379	7912	595	第1次独立实验的161次
-189.242379	7960	597	第1次独立实验的162次
-189.242379	8009	600	第1次独立实验的163次
-189.242379	8058	601	第1次独立实验的164次
-189.242379	8108	601	第1次独立实验的165次
-189.242379	8158	601	第1次独立实验的166次
-189.242379	8206	602	第1次独立实验的167次
-189.242379	8254	603	第1次独立实验的168次
-189.242379	8304	604	第1次独立实验的169次
-189.242379	8353	604	第1次独立实验的170次
-189.242379	8402	606	第1次独立实验的171次
-189.242379	8452	607	第1次独立实验的172次
-189.242379	8502	607	第1次独立实验的173次
-189.242379	8552	610	第1次独立实验的174次
-189.242379	8600	612	第1次独立实验的175次
-189.242379	8650	613	第1次独立实验的176次
-189.242379	8700	614	第1次独立实验的177次
-189.242379	8749	616	第1次独立实验的178次
-189.242379	8799	616	第1次独立实验的179次
-189.242379	8849	617	第1次独立实验的180次
-189.242379	8898	621	第1次独立实验的181次
-189.242379	8948	622	第1次独立实验的182次
-189.242379	8998	624	第1次独立实验的183次
-189.242379	9047	624	第1次独立实验的184次
-189.242379	9094	624	第1次独立实验的185次
-189.242379	9144	624	第1次独立实验的186次
-189.242379	9192	625	第1次独立实验的187次
-189.242379	9242	626	第1次独立实验的188次
-189.242379	9292	627	第1次独立实验的189次
-189.242379	9342	629	第1次独立实验的190次
-189.242379	9391	633	第1次独立实验的191次
-189.242379	9441	637	第1次独立实验的192次
-189.242379	9491	639	第1次独立实验的193次
-189.242379	9540	639	第1次独立实验的194次
-189.242379	9590	640	第1次独立实验的195次
-189.242379	9639	641	第1次独立实验的196次
-189.242379	9688	642	第1次独立实验的197次
-189.242379	9737	644	第1次独立实验的198次
-189.242379	9786	645	第1次独立实验的199次
-189.242379	9835	646	第1次独立实验的200次
-189.157577	49	36	第2次独立实验的201次
-189.157577	99	62	第2次独立实验的202次
-189.157577	148	89	第2次独立实验的203次
-189.157577	198	107	第2次独立实验的204次
-189.157577	247	125	第2次独立实验的205次
-189.157577	293	142	第2次独立实验的206次
-189.157577	342	151	第2次独立实验的207次
-189.157577	390	164	第2次独立实验的208次
-189.157577	437	174	第2次独立实验的209次
-189.157577	485	184	第2次独立实验的210次
-189.228674	534	203	第2次独立实验的211次
-189.228674	584	213	第2次独立实验的212次
-189.228674	634	218	第2次独立实验的213次
-189.228674	680	231	第2次独立实验的214次
-189.228674	730	240	第2次独立实验的215次
-189.228674	780	250	第2次独立实验的216次
-189.228674	830	257	第2次独立实验的217次
-189.228674	876	263	第2次独立实验的218次
-189.228674	925	268	第2次独立实验的219次
-189.228674	974	275	第2次独立实验的220次
-189.234795	1024	279	第2次独立实验的221次
-189.234795	1074	284	第2次独立实验的222次
-189.234795	1124	290	第2次独立实验的223次
-189.234795	1173	292	第2次独立实验的224次
-189.234795	1222	296	第2次独立实验的225次
-189.234795	1272	301	第2次独立实验的226次
-189.234795	1322	304	第2次独立实验的227次
-189.234795	1371	309	第2次独立实验的228次
-189.234795	1421	317	第2次独立实验的229次
-189.234795	1471	322	第2次独立实验的230次
-189.234795	1521	331	第2次独立实验的231次
-189.234795	1570	342	第2次独立实验的232次
-189.234795	1618	346	第2次独立实验的233次
-189.234795	1667	353	第2次独立实验的234次
-189.234795	1717	360	第2次独立实验的235次
-189.234795	1767	365	第2次独立实验的236次
-189.234795	1816	368	第2次独立实验的237次
-189.234795	1865	373	第2次独立实验的238次
-189.234795	1915	379	第2次独立实验的239次
-189.234795	1964	382	第2次独立实验的240次
-189.237482	2014	388	第2次独立实验的241次
-189.237482	2064	393	第2次独立实验的242次
-189.237482	2114	394	第2次独立实验的243次
-189.237482	2163	396	第2次独立实验的244次
-189.237482	2211	398	第2次独立实验的245次
-189.237482	2260	405	第2次独立实验的246次
-189.237482	2310	409	第2次独立实验的247次
-189.237482	2359	413	第2次独立实验的248次
-189.237482	2406	418	第2次独立实验的249次
-189.237482	2456	420	第2次独立实验的250次
-189.237482	2506	423	第2次独立实验的251次
-189.237482	2555	427	第2次独立实验的252次
-189.237482	2604	429	第2次独立实验的253次
-189.237482	2653	431	第2次独立实验的254次
-189.237482	2703	431	第2次独立实验的255次
-189.237482	2752	432	第2次独立实验的256次
-189.237482	2801	435	第2次独立实验的257次
-189.237482	2851	436	第2次独立实验的258次
-189.237482	2901	438	第2次独立实验的259次
-189.237482	2951	441	第2次独立实验的260次
-189.237482	3001	444	第2次独立实验的261次
-189.237482	3050	446	第2次独立实验的262次
-189.237482	3099	450	第2次独立实验的263次
-189.237482	3149	454	第2次独立实验的264次
-189.237482	3198	457	第2次独立实验的265次
-189.237482	3247	462	第2次独立实验的266次
-189.237482	3297	463	第2次独立实验的267次
-189.237482	3346	465	第2次独立实验的268次
-189.237482	3396	465	第2次独立实验的269次
-189.237482	3443	466	第2次独立实验的270次
-189.237482	3493	472	第2次独立实验的271次
-189.237482	3542	475	第2次独立实验的272次
-189.237482	3589	478	第2次独立实验的273次
-189.237482	3638	479	第2次独立实验的274次
-189.237482	3688	481	第2次独立实验的275次
-189.237482	3736	483	第2次独立实验的276次
-189.237482	3786	485	第2次独立实验的277次
-189.237482	3834	485	第2次独立实验的278次
-189.237482	3883	487	第2次独立实验的279次
-189.237482	3932	490	第2次独立实验的280次
-189.237482	3982	495	第2次独立实验的281次
-189.237482	4031	497	第2次独立实验的282次
-189.237482	4081	501	第2次独立实验的283次
-189.237482	4130	503	第2次独立实验的284次
-189.237482	4178	505	第2次独立实验的285次
-189.237482	4226	507	第2次独立实验的286次
-189.237482	4276	507	第2次独立实验的287次
-189.237482	4325	507	第2次独立实验的288次
-189.237482	4374	508	第2次独立实验的289次
-189.237482	4424	510	第2次独立实验的290次
-189.237482	4474	515	第2次独立实验的291次
-189.237482	4523	518	第2次独立实验的292次
-189.237482	4572	519	第2次独立实验的293次
-189.237482	4622	520	第2次独立实验的294次
-189.237482	4671	521	第2次独立实验的295次
-189.237482	4717	523	第2次独立实验的296次
-189.237482	4766	526	第2次独立实验的297次
-189.237482	4815	526	第2次独立实验的298次
-189.237482	4863	529	第2次独立实验的299次
-189.237482	4913	531	第2次独立实验的300次
-189.237482	4963	534	第2次独立实验的301次
-189.237482	5011	535	第2次独立实验的302次
-189.237482	5059	537	第2次独立实验的303次
-189.237482	5108	537	第2次独立实验的304次
-189.237482	5158	539	第2次独立实验的305次
-189.237482	5208	541	第2次独立实验的306次
-189.237482	5255	543	第2次独立实验的307次
-189.237482	5304	545	第2次独立实验的308次
-189.237482	5353	547	第2次独立实验的309次
-189.237482	5403	548	第2次独立实验的310次
-189.237482	5451	551	第2次独立实验的311次
-189.237482	5501	556	第2次独立实验的312次
-189.237482	5549	557	第2次独立实验的313次
-189.237482	5597	559	第2次独立实验的314次
-189.237482	5646	560	第2次独立实验的315次
-189.237482	5694	560	第2次独立实验的316次
-189.237482	5741	560	第2次独立实验的317次
-189.237482	5791	560	第2次独立实验的318次
-189.237482	5841	560	第2次独立实验的319次
-189.237482	5891	560	第2次独立实验的320次
-189.237482	5940	562	第2次独立实验的321次
-189.237482	5990	565	第2次独立实验的322次
-189.237482	6040	568	第2次独立实验的323次
-189.237482	6089	570	第2次独立实验的324次
-189.237482	6136	572	第2次独立实验的325次
-189.237482	6183	572	第2次独立实验的326次
-189.237482	6232	574	第2次独立实验的327次
-189.237482	6280	577	第2次独立实验的328次
-189.237482	6327	579	第2次独立实验的329次
-189.237482	6377	582	第2次独立实验的330次
-189.237482	6425	588	第2次独立实验的331次
-189.237482	6474	592	第2次独立实验的332次
-189.237482	6524	595	第2次独立实验的333次
-189.237482	6574	598	第2次独立实验的334次
-189.237482	6622	598	第2次独立实验的335次
-189.237482	6669	600	第2次独立实验的336次
-189.237482	6717	602	第2次独立实验的337次
-189.237482	6767	603	第2次独立实验的338次
-189.237482	6815	604	第2次独立实验的339次
-189.237482	6864	609	第2次独立实验的340次
-189.237482	6912	614	第2次独立实验的341次
-189.237482	6960	616	第2次独立实验的342次
-189.237482	7008	619	第2次独立实验的343次
-189.237482	7058	623	第2次独立实验的344次
-189.237482	7108	624	第2次独立实验的345次
-189.237482	7156	625	第2次独立实验的346次
-189.237482	7205	629	第2次独立实验的347次
-189.237482	7255	631	第2次独立实验的348次
-189.237482	7304	632	第2次独立实验的349次
-189.237482	7353	634	第2次独立实验的350次
-189.237482	7403	637	第2次独立实验的351次
-189.237482	7453	641	第2次独立实验的352次
-189.237482	7503	642	第2次独立实验的353次
-189.237482	7552	646	第2次独立实验的354次
-189.237482	7602	648	第2次独立实验的355次
-189.237482	7652	650	第2次独立实验的356次
-189.237482	7701	652	第2次独立实验的357次
-189.237482	7748	653	第2次独立实验的358次
-189.237482	7798	653	第2次独立实验的359次
-189.237482	7848	654	第2次独立实验的360次
-189.237482	7897	657	第2次独立实验的361次
-189.237482	7946	659	第2次独立实验的362次
-189.237482	7996	662	第2次独立实验的363次
-189.237482	8045	665	第2次独立实验的364次
-189.237482	8095	665	第2次独立实验的365次
-189.237482	8143	666	第2次独立实验的366次
-189.237482	8192	667	第2次独立实验的367次
-189.237482	8240	669	第2次独立实验的368次
-189.237482	8289	672	第2次独立实验的369次
-189.237482	8338	674	第2次独立实验的370次
-189.237482	8386	677	第2次独立实验的371次
-189.237482	8436	683	第2次独立实验的372次
-189.237482	8484	684	第2次独立实验的373次
-189.237482	8532	686	第2次独立实验的374次
-189.237482	8580	690	第2次独立实验的375次
-189.237482	8629	694	第2次独立实验的376次
-189.237482	8677	696	第2次独立实验的377次
-189.237482	8727	697	第2次独立实验的378次
-189.237482	8775	699	第2次独立实验的379次
-189.237482	8825	700	第2次独立实验的380次
-189.237482	8874	702	第2次独立实验的381次
-189.237482	8924	703	第2次独立实验的382次
-189.237482	8971	704	第2次独立实验的383次
-189.237482	9018	705	第2次独立实验的384次
-189.237482	9065	706	第2次独立实验的385次
-189.237482	9114	706	第2次独立实验的386次
-189.237482	9163	706	第2次独立实验的387次
-189.237482	9213	708	第2次独立实验的388次
-189.237482	9263	708	第2次独立实验的389次
-189.237482	9313	711	第2次独立实验的390次
-189.237482	9362	715	第2次独立实验的391次
-189.237482	9411	719	第2次独立实验的392次
-189.237482	9459	720	第2次独立实验的393次
-189.237482	9509	721	第2次独立实验的394次
-189.237482	9557	722	第2次独立实验的395次
-189.237482	9607	724	第2次独立实验的396次
-189.237482	9657	726	第2次独立实验的397次
-189.237482	9706	727	第2次独立实验的398次
-189.237482	9756	727	第2次独立实验的399次
-189.237482	9804	728	第2次独立实验的400次
-189.141961	48	33	第3次独立实验的401次
-189.141961	97	61	第3次独立实验的402次
-189.141961	147	80	第3次独立实验的403次
-189.141961	196	97	第3次独立实验的404次
-189.141961	245	114	第3次独立实验的405次
-189.141961	295	122	第3次独立实验的406次
-189.141961	341	133	第3次独立实验的407次
-189.141961	388	139	第3次独立实验的408次
-189.141961	437	144	第3次独立实验的409次
-189.141961	486	157	第3次独立实验的410次
-189.195844	535	174	第3次独立实验的411次
-189.195844	585	187	第3次独立实验的412次
-189.195844	635	196	第3次独立实验的413次
-189.195844	683	209	第3次独立实验的414次
-189.195844	732	215	第3次独立实验的415次
-189.195844	780	221	第3次独立实验的416次
-189.195844	829	229	第3次独立实验的417次
-189.195844	879	236	第3次独立实验的418次
-189.195844	929	242	第3次独立实验的419次
-189.195844	978	249	第3次独立实验的420次
-189.201491	1027	259	第3次独立实验的421次
-189.201491	1077	266	第3次独立实验的422次
-189.201491	1126	271	第3次独立实验的423次
-189.201491	1175	275	第3次独立实验的424次
-189.201491	1222	280	第3次独立实验的425次
-189.201491	1272	285	第3次独立实验的426次
-189.201491	1322	291	第3次独立实验的427次
-189.201491	1371	297	第3次独立实验的428次
-189.201491	1421	302	第3次独立实验的429次
-189.201491	1470	307	第3次独立实验的430次
-189.212171	1519	313	第3次独立实验的431次
-189.212171	1568	322	第3次独立实验的432次
-189.212171	1618	327	第3次独立实验的433次
-189.212171	1667	329	第3次独立实验的434次
-189.212171	1717	331	第3次独立实验的435次
-189.212171	1765	335	第3次独立实验的436次
-189.212171	1815	339	第3次独立实验的437次
-189.212171	1865	347	第3次独立实验的438次
-189.212171	1914	351	第3次独立实验的439次
-189.212171	1964	354	第3次独立实验的440次
-189.212376	2014	358	第3次独立实验的441次
-189.212376	2064	363	第3次独立实验的442次
-189.212376	2112	364	第3次独立实验的443次
-189.212376	2161	365	第3次独立实验的444次
-189.212376	2211	368	第3次独立实验的445次
-189.212376	2261	370	第3次独立实验的446次
-189.212376	2311	373	第3次独立实验的447次
-189.212376	2361	375	第3次独立实验的448次
-189.212376	2411	379	第3次独立实验的449次
-189.212376	2460	380	第3次独立实验的450次
-189.234795	2508	385	第3次独立实验的451次
-189.234795	2557	389	第3次独立实验的452次
-189.234795	2607	391	第3次独立实验的453次
-189.234795	2657	393	第3次独立实验的454次
-189.234795	2707	395	第3次独立实验的455次
-189.234795	2756	397	第3次独立实验的456次
-189.234795	2805	399	第3次独立实验的457次
-189.234795	2854	400	第3次独立实验的458次
-189.234795	2903	403	第3次独立实验的459次
-189.234795	2953	407	第3次独立实验的460次
-189.234795	3003	411	第3次独立实验的461次
-189.234795	3052	415	第3次独立实验的462次
-189.234795	3102	416	第3次独立实验的463次
-189.234795	3151	418	第3次独立实验的464次
-189.234795	3201	420	第3次独立实验的465次
-189.234795	3251	423	第3次独立实验的466次
-189.234795	3300	428	第3次独立实验的467次
-189.234795	3350	430	第3次独立实验的468次
-189.234795	3400	431	第3次独立实验的469次
-189.234795	3449	434	第3次独立实验的470次
-189.234795	3499	439	第3次独立实验的471次
-189.234795	3548	442	第3次独立实验的472次
-189.234795	3598	446	第3次独立实验的473次
-189.234795	3648	448	第3次独立实验的474次
-189.234795	3698	449	第3次独立实验的475次
-189.234795	3748	449	第3次独立实验的476次
-189.234795	3798	450	第3次独立实验的477次
-189.234795	3848	452	第3次独立实验的478次
-189.234795	3897	456	第3次独立实验的479次
-189.234795	3947	458	第3次独立实验的480次
-189.234795	3997	464	第3次独立实验的481次
-189.234795	4047	467	第3次独立实验的482次
-189.234795	4097	473	第3次独立实验的483次
-189.234795	4146	476	第3次独立实验的484次
-189.234795	4195	481	第3次独立实验的485次
-189.234795	4245	486	第3次独立实验的486次
-189.234795	4294	488	第3次独立实验的487次
-189.234795	4344	490	第3次独立实验的488次
-189.234795	4394	492	第3次独立实验的489次
-189.234795	4442	493	第3次独立实验的490次
-189.234795	4492	496	第3次独立实验的491次
-189.234795	4542	497	第3次独立实验的492次
-189.234795	4592	500	第3次独立实验的493次
-189.234795	4642	500	第3次独立实验的494次
-189.234795	4692	501	第3次独立实验的495次
-189.234795	4742	502	第3次独立实验的496次
-189.234795	4792	504	第3次独立实验的497次
-189.234795	4842	504	第3次独立实验的498次
-189.234795	4891	505	第3次独立实验的499次
-189.234795	4940	505	第3次独立实验的500次
-189.242379	4989	506	第3次独立实验的501次
-189.242379	5039	509	第3次独立实验的502次
-189.242379	5089	510	第3次独立实验的503次
-189.242379	5139	511	第3次独立实验的504次
-189.242379	5189	512	第3次独立实验的505次
-189.242379	5239	515	第3次独立实验的506次
-189.242379	5286	519	第3次独立实验的507次
-189.242379	5335	519	第3次独立实验的508次
-189.242379	5384	520	第3次独立实验的509次
-189.242379	5434	520	第3次独立实验的510次
-189.242379	5484	523	第3次独立实验的511次
-189.242379	5533	524	第3次独立实验的512次
-189.242379	5583	525	第3次独立实验的513次
-189.242379	5633	527	第3次独立实验的514次
-189.242379	5683	528	第3次独立实验的515次
-189.242379	5733	529	第3次独立实验的516次
-189.242379	5782	531	第3次独立实验的517次
-189.242379	5832	531	第3次独立实验的518次
-189.242379	5882	531	第3次独立实验的519次
-189.242379	5932	532	第3次独立实验的520次
-189.242379	5982	534	第3次独立实验的521次
-189.242379	6030	539	第3次独立实验的522次
-189.242379	6080	541	第3次独立实验的523次
-189.242379	6130	542	第3次独立实验的524次
-189.242379	6180	543	第3次独立实验的525次
-189.242379	6228	545	第3次独立实验的526次
-189.242379	6277	546	第3次独立实验的527次
-189.242379	6327	547	第3次独立实验的528次
-189.242379	6377	548	第3次独立实验的529次
-189.242379	6427	548	第3次独立实验的530次
-189.242379	6477	550	第3次独立实验的531次
-189.242379	6525	551	第3次独立实验的532次
-189.242379	6574	552	第3次独立实验的533次
-189.242379	6622	556	第3次独立实验的534次
-189.242379	6672	556	第3次独立实验的535次
-189.242379	6721	557	第3次独立实验的536次
-189.242379	6771	558	第3次独立实验的537次
-189.242379	6821	562	第3次独立实验的538次
-189.242379	6871	564	第3次独立实验的539次
-189.242379	6921	566	第3次独立实验的540次
-189.242379	6970	568	第3次独立实验的541次
-189.242379	7018	570	第3次独立实验的542次
-189.242379	7067	572	第3次独立实验的543次
-189.242379	7117	575	第3次独立实验的544次
-189.242379	7166	577	第3次独立实验的545次
-189.242379	7216	578	第3次独立实验的546次
-189.242379	7265	582	第3次独立实验的547次
-189.242379	7315	583	第3次独立实验的548次
-189.242379	7364	585	第3次独立实验的549次
-189.242379	7414	588	第3次独立实验的550次
-189.242379	7462	589	第3次独立实验的551次
-189.242379	7511	592	第3次独立实验的552次
-189.242379	7559	596	第3次独立实验的553次
-189.242379	7608	599	第3次独立实验的554次
-189.242379	7658	599	第3次独立实验的555次
-189.242379	7708	600	第3次独立实验的556次
-189.242379	7758	602	第3次独立实验的557次
-189.242379	7808	604	第3次独立实验的558次
-189.242379	7858	606	第3次独立实验的559次
-189.242379	7908	609	第3次独立实验的560次
-189.242379	7958	614	第3次独立实验的561次
-189.242379	8007	616	第3次独立实验的562次
-189.242379	8057	618	第3次独立实验的563次
-189.242379	8106	623	第3次独立实验的564次
-189.242379	8154	623	第3次独立实验的565次
-189.242379	8202	624	第3次独立实验的566次
-189.242379	8251	625	第3次独立实验的567次
-189.242379	8300	629	第3次独立实验的568次
-189.242379	8348	631	第3次独立实验的569次
-189.242379	8397	633	第3次独立实验的570次
-189.242379	8447	634	第3次独立实验的571次
-189.242379	8497	636	第3次独立实验的572次
-189.242379	8546	638	第3次独立实验的573次
-189.242379	8596	639	第3次独立实验的574次
-189.242379	8646	639	第3次独立实验的575次
-189.242379	8695	639	第3次独立实验的576次
-189.242379	8745	641	第3次独立实验的577次
-189.242379	8795	642	第3次独立实验的578次
-189.242379	8843	645	第3次独立实验的579次
-189.242379	8893	645	第3次独立实验的580次
-189.242379	8941	648	第3次独立实验的581次
-189.242379	8990	650	第3次独立实验的582次
-189.242379	9040	652	第3次独立实验的583次
-189.242379	9090	653	第3次独立实验的584次
-189.242379	9139	654	第3次独立实验的585次
-189.242379	9187	655	第3次独立实验的586次
-189.242379	9235	655	第3次独立实验的587次
-189.242379	9285	655	第3次独立实验的588次
-189.242379	9335	656	第3次独立实验的589次
-189.242379	9385	657	第3次独立实验的590次
-189.242379	9435	659	第3次独立实验的591次
-189.242379	9484	664	第3次独立实验的592次
-189.242379	9534	666	第3次独立实验的593次
-189.242379	9584	667	第3次独立实验的594次
-189.242379	9633	667	第3次独立实验的595次
-189.242379	9681	668	第3次独立实验的596次
-189.242379	9730	668	第3次独立实验的597次
-189.242379	9780	669	第3次独立实验的598次
-189.242379	9830	670	第3次独立实验的599次
-189.242379	9878	670	第3次独立实验的600次
-189.134664	50	32	第4次独立实验的601次
-189.134664	96	66	第4次独立实验的602次
-189.134664	142	88	第4次独立实验的603次
-189.134664	192	101	第4次独立实验的604次
-189.134664	242	116	第4次独立实验的605次
-189.134664	290	128	第4次独立实验的606次
-189.134664	339	143	第4次独立实验的607次
-189.134664	388	155	第4次独立实验的608次
-189.134664	437	163	第4次独立实验的609次
-189.134664	487	166	第4次独立实验的610次
-189.216514	536	176	第4次独立实验的611次
-189.216514	586	184	第4次独立实验的612次
-189.216514	634	188	第4次独立实验的613次
-189.216514	684	195	第4次独立实验的614次
-189.216514	733	204	第4次独立实验的615次
-189.216514	781	214	第4次独立实验的616次
-189.216514	829	216	第4次独立实验的617次
-189.216514	878	220	第4次独立实验的618次
-189.216514	927	227	第4次独立实验的619次
-189.216514	977	234	第4次独立实验的620次
-189.230441	1027	240	第4次独立实验的621次
-189.230441	1076	245	第4次独立实验的622次
-189.230441	1125	253	第4次独立实验的623次
-189.230441	1175	256	第4次独立实验的624次
-189.230441	1225	261	第4次独立实验的625次
-189.230441	1273	264	第4次独立实验的626次
-189.230441	1323	271	第4次独立实验的627次
-189.230441	1373	272	第4次独立实验的628次
-189.230441	1422	277	第4次独立实验的629次
-189.230441	1472	286	第4次独立实验的630次
-189.230441	1521	294	第4次独立实验的631次
-189.230441	1570	305	第4次独立实验的632次
-189.230441	1620	309	第4次独立实验的633次
-189.230441	1668	314	第4次独立实验的634次
-189.230441	1718	316	第4次独立实验的635次
-189.230441	1768	319	第4次独立实验的636次
-189.230441	1818	327	第4次独立实验的637次
-189.230441	1866	331	第4次独立实验的638次
-189.230441	1915	334	第4次独立实验的639次
-189.230441	1964	338	第4次独立实验的640次
-189.230441	2014	346	第4次独立实验的641次
-189.230441	2064	349	第4次独立实验的642次
-189.230441	2114	353	第4次独立实验的643次
-189.230441	2162	354	第4次独立实验的644次
-189.230441	2210	356	第4次独立实验的645次
-189.230441	2260	358	第4次独立实验的646次
-189.230441	2308	359	第4次独立实验的647次
-189.230441	2357	361	第4次独立实验的648次
-189.230441	2406	362	第4次独立实验的649次
-189.230441	2456	363	第4次独立实验的650次
-189.230441	2506	369	第4次独立实验的651次
-189.230441	2554	372	第4次独立实验的652次
-189.230441	2604	376	第4次独立实验的653次
-189.230441	2653	380	第4次独立实验的654次
-189.230441	2703	382	第4次独立实验的655次
-189.230441	2753	385	第4次独立实验的656次
-189.230441	2802	387	第4次独立实验的657次
-189.230441	2852	391	第4次独立实验的658次
-189.230441	2901	393	第4次独立实验的659次
-189.230441	2949	395	第4次独立实验的660次
-189.230441	2997	398	第4次独立实验的661次
-189.230441	3046	399	第4次独立实验的662次
-189.230441	3096	402	第4次独立实验的663次
-189.230441	3145	403	第4次独立实验的664次
-189.230441	3194	404	第4次独立实验的665次
-189.230441	3243	407	第4次独立实验的666次
-189.230441	3291	411	第4次独立实验的667次
-189.230441	3340	413	第4次独立实验的668次
-189.230441	3390	417	第4次独立实验的669次
-189.230441	3439	421	第4次独立实验的670次
-189.232328	3488	428	第4次独立实验的671次
-189.232328	3536	433	第4次独立实验的672次
-189.232328	3585	435	第4次独立实验的673次
-189.232328	3634	439	第4次独立实验的674次
-189.232328	3683	441	第4次独立实验的675次
-189.232328	3733	441	第4次独立实验的676次
-189.232328	3783	442	第4次独立实验的677次
-189.232328	3832	444	第4次独立实验的678次
-189.232328	3882	446	第4次独立实验的679次
-189.232328	3931	449	第4次独立实验的680次
-189.233726	3980	451	第4次独立实验的681次
-189.233726	4029	453	第4次独立实验的682次
-189.233726	4076	457	第4次独立实验的683次
-189.233726	4126	458	第4次独立实验的684次
-189.233726	4176	461	第4次独立实验的685次
-189.233726	4226	461	第4次独立实验的686次
-189.233726	4276	462	第4次独立实验的687次
-189.233726	4326	464	第4次独立实验的688次
-189.233726	4375	464	第4次独立实验的689次
-189.233726	4425	465	第4次独立实验的690次
-189.234319	4475	466	第4次独立实验的691次
-189.234319	4524	467	第4次独立实验的692次
-189.234319	4573	467	第4次独立实验的693次
-189.234319	4622	469	第4次独立实验的694次
-189.234319	4670	471	第4次独立实验的695次
-189.234319	4719	472	第4次独立实验的696次
-189.234319	4769	472	第4次独立实验的697次
-189.234319	4818	476	第4次独立实验的698次
-189.234319	4865	478	第4次独立实验的699次
-189.234319	4914	478	第4次独立实验的700次
-189.234319	4963	481	第4次独立实验的701次
-189.234319	5011	484	第4次独立实验的702次
-189.234319	5058	487	第4次独立实验的703次
-189.234319	5108	487	第4次独立实验的704次
-189.234319	5158	488	第4次独立实验的705次
-189.234319	5208	488	第4次独立实验的706次
-189.234319	5257	489	第4次独立实验的707次
-189.234319	5307	491	第4次独立实验的708次
-189.234319	5357	492	第4次独立实验的709次
-189.234319	5407	495	第4次独立实验的710次
-189.239028	5456	497	第4次独立实验的711次
-189.239028	5505	501	第4次独立实验的712次
-189.239028	5554	509	第4次独立实验的713次
-189.239028	5604	512	第4次独立实验的714次
-189.239028	5653	513	第4次独立实验的715次
-189.239028	5701	515	第4次独立实验的716次
-189.239028	5750	520	第4次独立实验的717次
-189.239028	5798	521	第4次独立实验的718次
-189.239028	5846	524	第4次独立实验的719次
-189.239028	5895	527	第4次独立实验的720次
-189.239028	5945	530	第4次独立实验的721次
-189.239028	5995	534	第4次独立实验的722次
-189.239028	6045	539	第4次独立实验的723次
-189.239028	6095	542	第4次独立实验的724次
-189.239028	6143	546	第4次独立实验的725次
-189.239028	6191	551	第4次独立实验的726次
-189.239028	6240	551	第4次独立实验的727次
-189.239028	6290	553	第4次独立实验的728次
-189.239028	6339	555	第4次独立实验的729次
-189.239028	6388	559	第4次独立实验的730次
-189.239837	6436	563	第4次独立实验的731次
-189.239837	6486	567	第4次独立实验的732次
-189.239837	6534	567	第4次独立实验的733次
-189.239837	6584	567	第4次独立实验的734次
-189.239837	6633	568	第4次独立实验的735次
-189.239837	6683	570	第4次独立实验的736次
-189.239837	6732	572	第4次独立实验的737次
-189.239837	6782	573	第4次独立实验的738次
-189.239837	6832	573	第4次独立实验的739次
-189.239837	6881	574	第4次独立实验的740次
-189.239837	6930	576	第4次独立实验的741次
-189.239837	6980	576	第4次独立实验的742次
-189.239837	7030	576	第4次独立实验的743次
-189.239837	7080	577	第4次独立实验的744次
-189.239837	7130	577	第4次独立实验的745次
-189.239837	7180	577	第4次独立实验的746次
-189.239837	7228	578	第4次独立实验的747次
-189.239837	7278	579	第4次独立实验的748次
-189.239837	7324	581	第4次独立实验的749次
-189.239837	7369	583	第4次独立实验的750次
-189.239837	7419	584	第4次独立实验的751次
-189.239837	7467	586	第4次独立实验的752次
-189.239837	7517	588	第4次独立实验的753次
-189.239837	7566	588	第4次独立实验的754次
-189.239837	7615	589	第4次独立实验的755次
-189.239837	7663	590	第4次独立实验的756次
-189.239837	7711	591	第4次独立实验的757次
-189.239837	7760	591	第4次独立实验的758次
-189.239837	7809	592	第4次独立实验的759次
-189.239837	7858	593	第4次独立实验的760次
-189.239837	7907	596	第4次独立实验的761次
-189.239837	7957	599	第4次独立实验的762次
-189.239837	8007	602	第4次独立实验的763次
-189.239837	8056	604	第4次独立实验的764次
-189.239837	8106	605	第4次独立实验的765次
-189.239837	8154	606	第4次独立实验的766次
-189.239837	8203	607	第4次独立实验的767次
-189.239837	8253	608	第4次独立实验的768次
-189.239837	8302	609	第4次独立实验的769次
-189.239837	8352	610	第4次独立实验的770次
-189.239837	8402	612	第4次独立实验的771次
-189.239837	8451	614	第4次独立实验的772次
-189.239837	8500	614	第4次独立实验的773次
-189.239837	8548	615	第4次独立实验的774次
-189.239837	8598	615	第4次独立实验的775次
-189.239837	8647	615	第4次独立实验的776次
-189.239837	8697	615	第4次独立实验的777次
-189.239837	8746	615	第4次独立实验的778次
-189.239837	8795	616	第4次独立实验的779次
-189.239837	8843	617	第4次独立实验的780次
-189.239837	8893	618	第4次独立实验的781次
-189.239837	8943	619	第4次独立实验的782次
-189.239837	8990	621	第4次独立实验的783次
-189.239837	9039	622	第4次独立实验的784次
-189.239837	9087	624	第4次独立实验的785次
-189.239837	9137	625	第4次独立实验的786次
-189.239837	9187	626	第4次独立实验的787次
-189.239837	9234	627	第4次独立实验的788次
-189.239837	9283	628	第4次独立实验的789次
-189.239837	9332	629	第4次独立实验的790次
-189.239837	9382	631	第4次独立实验的791次
-189.239837	9431	634	第4次独立实验的792次
-189.239837	9481	636	第4次独立实验的793次
-189.239837	9531	637	第4次独立实验的794次
-189.239837	9579	637	第4次独立实验的795次
-189.239837	9629	638	第4次独立实验的796次
-189.239837	9679	638	第4次独立实验的797次
-189.239837	9727	639	第4次独立实验的798次
-189.239837	9777	641	第4次独立实验的799次
-189.239837	9826	642	第4次独立实验的800次
