-187.589217	47	37	第1次独立实验的801次
-187.589217	96	66	第1次独立实验的802次
-187.589217	141	93	第1次独立实验的803次
-187.589217	190	108	第1次独立实验的804次
-187.589217	238	126	第1次独立实验的805次
-187.589217	287	141	第1次独立实验的806次
-187.589217	335	154	第1次独立实验的807次
-187.589217	385	168	第1次独立实验的808次
-187.589217	431	178	第1次独立实验的809次
-187.589217	480	185	第1次独立实验的810次
-187.659707	529	195	第1次独立实验的811次
-187.659707	579	202	第1次独立实验的812次
-187.659707	629	212	第1次独立实验的813次
-187.659707	678	219	第1次独立实验的814次
-187.659707	727	227	第1次独立实验的815次
-187.659707	776	236	第1次独立实验的816次
-187.659707	825	247	第1次独立实验的817次
-187.659707	875	255	第1次独立实验的818次
-187.659707	925	262	第1次独立实验的819次
-187.659707	975	268	第1次独立实验的820次
-187.665773	1024	275	第1次独立实验的821次
-187.665773	1074	280	第1次独立实验的822次
-187.665773	1124	286	第1次独立实验的823次
-187.665773	1174	289	第1次独立实验的824次
-187.665773	1222	293	第1次独立实验的825次
-187.665773	1272	298	第1次独立实验的826次
-187.665773	1321	301	第1次独立实验的827次
-187.665773	1371	307	第1次独立实验的828次
-187.665773	1421	311	第1次独立实验的829次
-187.665773	1470	317	第1次独立实验的830次
-187.665773	1520	322	第1次独立实验的831次
-187.665773	1568	327	第1次独立实验的832次
-187.665773	1617	332	第1次独立实验的833次
-187.665773	1666	332	第1次独立实验的834次
-187.665773	1716	336	第1次独立实验的835次
-187.665773	1765	339	第1次独立实验的836次
-187.665773	1815	340	第1次独立实验的837次
-187.665773	1865	342	第1次独立实验的838次
-187.665773	1915	343	第1次独立实验的839次
-187.665773	1964	345	第1次独立实验的840次
-187.671802	2014	349	第1次独立实验的841次
-187.671802	2063	355	第1次独立实验的842次
-187.671802	2113	360	第1次独立实验的843次
-187.671802	2163	362	第1次独立实验的844次
-187.671802	2213	365	第1次独立实验的845次
-187.671802	2263	369	第1次独立实验的846次
-187.671802	2313	372	第1次独立实验的847次
-187.671802	2361	375	第1次独立实验的848次
-187.671802	2410	377	第1次独立实验的849次
-187.671802	2460	382	第1次独立实验的850次
-187.681865	2508	384	第1次独立实验的851次
-187.681865	2558	386	第1次独立实验的852次
-187.681865	2608	389	第1次独立实验的853次
-187.681865	2657	391	第1次独立实验的854次
-187.681865	2707	396	第1次独立实验的855次
-187.681865	2757	401	第1次独立实验的856次
-187.681865	2805	403	第1次独立实验的857次
-187.681865	2855	405	第1次独立实验的858次
-187.681865	2905	408	第1次独立实验的859次
-187.681865	2955	410	第1次独立实验的860次
-187.681865	3004	412	第1次独立实验的861次
-187.681865	3053	416	第1次独立实验的862次
-187.681865	3101	416	第1次独立实验的863次
-187.681865	3151	419	第1次独立实验的864次
-187.681865	3201	420	第1次独立实验的865次
-187.681865	3251	422	第1次独立实验的866次
-187.681865	3301	423	第1次独立实验的867次
-187.681865	3351	427	第1次独立实验的868次
-187.681865	3400	429	第1次独立实验的869次
-187.681865	3450	431	第1次独立实验的870次
-187.681865	3500	436	第1次独立实验的871次
-187.681865	3550	438	第1次独立实验的872次
-187.681865	3598	440	第1次独立实验的873次
-187.681865	3647	442	第1次独立实验的874次
-187.681865	3695	444	第1次独立实验的875次
-187.681865	3743	447	第1次独立实验的876次
-187.681865	3791	449	第1次独立实验的877次
-187.681865	3841	452	第1次独立实验的878次
-187.681865	3891	454	第1次独立实验的879次
-187.681865	3940	455	第1次独立实验的880次
-187.681865	3990	458	第1次独立实验的881次
-187.681865	4040	462	第1次独立实验的882次
-187.681865	4090	466	第1次独立实验的883次
-187.681865	4138	470	第1次独立实验的884次
-187.681865	4188	476	第1次独立实验的885次
-187.681865	4237	478	第1次独立实验的886次
-187.681865	4284	482	第1次独立实验的887次
-187.681865	4333	485	第1次独立实验的888次
-187.681865	4383	488	第1次独立实验的889次
-187.681865	4432	491	第1次独立实验的890次
-187.702735	4480	494	第1次独立实验的891次
-187.702735	4529	496	第1次独立实验的892次
-187.702735	4579	497	第1次独立实验的893次
-187.702735	4628	499	第1次独立实验的894次
-187.702735	4677	500	第1次独立实验的895次
-187.702735	4726	503	第1次独立实验的896次
-187.702735	4776	504	第1次独立实验的897次
-187.702735	4826	505	第1次独立实验的898次
-187.702735	4875	506	第1次独立实验的899次
-187.702735	4925	510	第1次独立实验的900次
-187.702735	4974	515	第1次独立实验的901次
-187.702735	5024	517	第1次独立实验的902次
-187.702735	5073	520	第1次独立实验的903次
-187.702735	5123	523	第1次独立实验的904次
-187.702735	5172	525	第1次独立实验的905次
-187.702735	5220	528	第1次独立实验的906次
-187.702735	5270	532	第1次独立实验的907次
-187.702735	5320	535	第1次独立实验的908次
-187.702735	5368	537	第1次独立实验的909次
-187.702735	5418	539	第1次独立实验的910次
-187.702735	5468	543	第1次独立实验的911次
-187.702735	5517	545	第1次独立实验的912次
-187.702735	5566	550	第1次独立实验的913次
-187.702735	5615	551	第1次独立实验的914次
-187.702735	5664	553	第1次独立实验的915次
-187.702735	5714	553	第1次独立实验的916次
-187.702735	5762	554	第1次独立实验的917次
-187.702735	5811	556	第1次独立实验的918次
-187.702735	5860	557	第1次独立实验的919次
-187.702735	5908	561	第1次独立实验的920次
-187.702735	5958	562	第1次独立实验的921次
-187.702735	6007	563	第1次独立实验的922次
-187.702735	6057	567	第1次独立实验的923次
-187.702735	6107	568	第1次独立实验的924次
-187.702735	6157	570	第1次独立实验的925次
-187.702735	6206	570	第1次独立实验的926次
-187.702735	6254	573	第1次独立实验的927次
-187.702735	6302	573	第1次独立实验的928次
-187.702735	6351	573	第1次独立实验的929次
-187.702735	6400	573	第1次独立实验的930次
-187.702735	6450	574	第1次独立实验的931次
-187.702735	6499	575	第1次独立实验的932次
-187.702735	6549	577	第1次独立实验的933次
-187.702735	6599	578	第1次独立实验的934次
-187.702735	6646	579	第1次独立实验的935次
-187.702735	6696	581	第1次独立实验的936次
-187.702735	6744	581	第1次独立实验的937次
-187.702735	6794	581	第1次独立实验的938次
-187.702735	6844	582	第1次独立实验的939次
-187.702735	6893	584	第1次独立实验的940次
-187.702735	6942	586	第1次独立实验的941次
-187.702735	6992	587	第1次独立实验的942次
-187.702735	7042	588	第1次独立实验的943次
-187.702735	7091	589	第1次独立实验的944次
-187.702735	7140	592	第1次独立实验的945次
-187.702735	7189	592	第1次独立实验的946次
-187.702735	7237	594	第1次独立实验的947次
-187.702735	7286	595	第1次独立实验的948次
-187.702735	7335	596	第1次独立实验的949次
-187.702735	7385	597	第1次独立实验的950次
-187.702735	7435	599	第1次独立实验的951次
-187.702735	7484	600	第1次独立实验的952次
-187.702735	7530	603	第1次独立实验的953次
-187.702735	7579	604	第1次独立实验的954次
-187.702735	7629	604	第1次独立实验的955次
-187.702735	7679	604	第1次独立实验的956次
-187.702735	7729	605	第1次独立实验的957次
-187.702735	7778	605	第1次独立实验的958次
-187.702735	7825	607	第1次独立实验的959次
-187.702735	7874	608	第1次独立实验的960次
-187.702735	7921	609	第1次独立实验的961次
-187.702735	7971	609	第1次独立实验的962次
-187.702735	8021	609	第1次独立实验的963次
-187.702735	8071	611	第1次独立实验的964次
-187.702735	8121	611	第1次独立实验的965次
-187.702735	8169	612	第1次独立实验的966次
-187.702735	8217	615	第1次独立实验的967次
-187.702735	8266	616	第1次独立实验的968次
-187.702735	8315	616	第1次独立实验的969次
-187.702735	8365	616	第1次独立实验的970次
-187.702735	8415	620	第1次独立实验的971次
-187.702735	8462	623	第1次独立实验的972次
-187.702735	8510	624	第1次独立实验的973次
-187.702735	8559	626	第1次独立实验的974次
-187.702735	8608	626	第1次独立实验的975次
-187.702735	8657	629	第1次独立实验的976次
-187.702735	8705	630	第1次独立实验的977次
-187.702735	8754	631	第1次独立实验的978次
-187.702735	8804	631	第1次独立实验的979次
-187.702735	8854	633	第1次独立实验的980次
-187.702735	8904	635	第1次独立实验的981次
-187.702735	8953	637	第1次独立实验的982次
-187.702735	9003	638	第1次独立实验的983次
-187.702735	9052	639	第1次独立实验的984次
-187.702735	9101	641	第1次独立实验的985次
-187.702735	9149	642	第1次独立实验的986次
-187.702735	9199	644	第1次独立实验的987次
-187.702735	9249	645	第1次独立实验的988次
-187.702735	9298	648	第1次独立实验的989次
-187.702735	9347	649	第1次独立实验的990次
-187.702735	9397	651	第1次独立实验的991次
-187.702735	9447	653	第1次独立实验的992次
-187.702735	9497	656	第1次独立实验的993次
-187.702735	9546	656	第1次独立实验的994次
-187.702735	9594	658	第1次独立实验的995次
-187.702735	9643	660	第1次独立实验的996次
-187.702735	9691	662	第1次独立实验的997次
-187.702735	9739	663	第1次独立实验的998次
-187.702735	9788	663	第1次独立实验的999次
-187.702735	9837	665	第1次独立实验的1000次
