38
Ir  -212.0873
 1    1.57848557    1.40572610    2.87519463
 1   -1.57848530   -1.40572598   -2.87519485
 1    0.61293133    0.24429379   -1.89131577
 1    3.03650040    0.13795140   -3.13165578
 1    1.04749597   -2.62144040    2.18294024
 1    2.83934384    1.90826204   -1.01542482
 1   -1.04749616    2.62144014   -2.18294004
 1   -3.42977401    2.58427200   -0.77770890
 1   -1.88947850    0.34669160   -0.56755505
 1    0.64803723   -0.81400985    4.23840385
 1   -1.10054735   -4.05255052    1.18838637
 1    2.30835459   -2.11890454   -1.70767955
 1   -3.08383248    0.91368231   -2.94988171
 1   -3.93312588   -1.23328752   -1.43393299
 1    3.08383286   -0.91368234    2.94988113
 1   -2.34519970   -3.47633088   -1.20904812
 1    0.25812542    1.95769421    0.33652017
 1   -0.64803639    0.81401029   -4.23840385
 1    1.44590823    2.38476145   -3.35691712
 1   -3.03650016   -0.13795143    3.13165617
 1    1.10054641    4.05255110   -1.18838597
 1    1.88947863   -0.34669177    0.56755481
 1    3.42977341   -2.58427272    0.77770882
 1    0.09468605   -3.57617101   -2.49973437
 1   -0.61293096   -0.24429377    1.89131575
 1    2.34519958    3.47633115    1.20904824
 1    4.27906616   -0.43730238   -0.73824020
 1    3.93312619    1.23328761    1.43393261
 1   -2.83934376   -1.90826168    1.01542519
 1   -0.94255538    1.43279961    4.01314154
 1   -4.27906627    0.43730199    0.73824004
 1   -2.30835476    2.11890415    1.70767950
 1    1.33933846   -4.15239038   -0.10229976
 1   -0.25812545   -1.95769423   -0.33652031
 1    0.94255552   -1.43279967   -4.01314165
 1   -1.44590759   -2.38476077    3.35691800
 1   -0.09468628    3.57617084    2.49973394
 1   -1.33933945    4.15239002    0.10229978
