38
Cu_Au
0         1.4528              -0.0160191          4.71123             
1         -0.17251            1.94834             4.55775             
1         1.09807             -2.50339            3.8278              
1         -0.839847           -0.623608           3.99028             
0         -2.62087            1.10556             3.99584             
1         2.46613             1.95725             3.44342             
0         -1.35785            -2.96601            3.34407             
1         -3.3317             -1.18815            3.12473             
1         2.53939             -0.609269           2.56343             
0         0.636714            3.62381             2.80794             
0         0.465798            0.954374            2.38323             
1         -1.55991            2.58796             2.31091             
0         2.45193             -2.94265            1.7073              
0         0.208969            -1.46644            1.75556             
1         0.110249            -3.91637            1.46494             
0         -1.78042            0.0721947           1.6593              
1         -3.90042            1.34839             1.79834             
0         3.77451             1.12197             1.28502             
1         -2.11793            -2.43562            1.04831             
1         1.82026             2.59809             0.886277            
0         -4.07867            -0.945285           0.698927            
1         3.65133             -1.17588            0.173535            
0         1.51371             0.0819407           0.265489            
1         -0.377218           4.07649             0.387115            
0         -0.480417           1.60829             0.14775             
0         -1.69967            0.116125            -2.73323            
0         0.0702367           -1.72365            -2.56853            
0         2.48174             -0.911209           -2.04885            
0         1.10063             3.08419             -1.44421            
0         -0.754503           -0.808722           -0.465232           
0         -0.912807           -3.3933             -0.898094           
0         -2.71762            3.09868             0.172771            
1         0.60736             0.730649            -2.05526            
1         -1.35011            2.59691             -1.94094            
1         3.07914             1.37607             -1.16091            
1         -2.8187             -1.78398            -1.4452             
1         -2.83362            0.756394            -0.620836           
1         1.30707             -2.39008            -0.423384           
