38
Pd  -131.7489
 0   -0.78698517   -0.33461182   -2.99440637
 0   -1.09897238    1.06105924   -0.89183718
 0   -0.84786363   -2.54206715    1.58644263
 0   -1.12891945   -0.02483237    1.36157437
 0   -2.73178379   -2.85453514   -0.02991261
 0   -0.48465354   -2.80510599   -2.74014516
 0    2.73178280    2.85453566    0.02991303
 0    0.51445813    3.88584779    0.49742134
 0    1.16378307    1.10568445   -3.61039857
 0    1.07409112   -2.14655504    3.13855623
 0   -2.99805643    0.71345640   -2.47275971
 0    3.05794260    1.45804258   -2.03347084
 0    2.70197888    1.77379382    2.27263587
 0    0.80421469    1.41509621    0.69260514
 0   -0.80421502   -1.41509604   -0.69260547
 0    3.08190907    0.38509203    0.22652865
 0    1.39725575   -3.53022444    1.09411986
 0   -3.35130173    1.00636846    1.83518558
 0    0.78698583    0.33461150    2.99440547
 0    1.45714260   -1.35872631   -3.41211170
 0    1.44706124   -2.49158656   -1.18143427
 0   -3.08190979   -0.38509203   -0.22652803
 0   -1.39725656    3.53022368   -1.09412037
 0   -2.70197821   -1.77379372   -2.27263572
 0   -1.44706095    2.49158679    1.18143442
 0   -3.32122144    2.09712547   -0.42832276
 0    0.48465474    2.80510653    2.74014459
 0   -1.07409117    2.14655435   -3.13855691
 0   -1.16378266   -1.10568448    3.61039815
 0    0.84786292    2.54206711   -1.58644288
 0   -3.05794318   -1.45804238    2.03347161
 0    1.09897219   -1.06105957    0.89183705
 0   -0.51445899   -3.88584705   -0.49742197
 0    3.32122111   -2.09712584    0.42832377
 0   -1.45714083    1.35872645    3.41211160
 0    2.99805657   -0.71345661    2.47276021
 0    1.12891920    0.02483227   -1.36157464
 0    3.35130240   -1.00636823   -1.83518442


